5 6000
5 7001
5 80030
5 90059
6 00088
6 100116
6 200145
6 300174
6 400203
6 500232
6 600261
6 700290
6 800318
6 900347
7 000376
7 100405
7 200434
7 300463
7 400492
7 500520
7 600549
7 700578
7 800607
7 900636
8 000665
8 100694
8 200722
8 300751
8 400761
8 500770
8 600779
8 700788
8 800797
8 900806
9 000815
9 100824
9 200833
9 300842
9 400851
9 500860
9 600869
9 700878
9 800887
9 900896
10 000905
10 100914
10 200923
10 300932
10 400941
10 500950
10 600959
10 700968
10 800977
10 900986
11 000995
11 1001 004
11 2001 013
11 3001 022
11 4001 031
11 5001 040
11 6001 049
11 7001 058
11 8001 067
11 9001 076
12 0001 085
12 1001 094
12 2001 105
12 3001 130
12 4001 154
12 5001 178
12 6001 202
12 7001 226
12 8001 250
12 9001 274
13 0001 298
13 1001 322
13 2001 347
13 3001 371
13 4001 395
13 5001 419
13 6001 443
13 7001 467
13 8001 491
13 9001 515
14 0001 540
14 1001 564
14 2001 588
14 3001 612
14 4001 636
14 5001 660
14 6001 684
14 7001 708
14 8001 732
14 9001 757
15 0001 781
15 1001 805
15 2001 829
15 3001 853
15 4001 877
15 5001 901
15 6001 925
15 7001 950
15 8001 974
15 9001 998
16 0002 022
16 1002 046
16 2002 070
16 3002 094
16 4002 118
16 5002 142
16 6002 167
16 7002 191
16 8002 215
16 9002 239
17 0002 263
17 1002 287
17 2002 313
17 3002 339
17 4002 365
17 5002 391
17 6002 417
17 7002 443
17 8002 470
17 9002 496
18 0002 522
18 1002 548
18 2002 574
18 3002 600
18 4002 626
18 5002 652
18 6002 678
18 7002 706
18 8002 742
18 9002 779
19 0002 815
19 1002 851
19 2002 888
19 3002 924
19 4002 960
19 5002 997
19 6003 033
19 7003 069
19 8003 106
19 9003 142
20 0003 178
20 1003 215
20 2003 251
20 3003 287
20 4003 324
20 5003 360
20 6003 397
20 7003 433
20 8003 469
20 9003 506
21 0003 542
21 1003 578
21 2003 615
21 3003 651
21 4003 687
21 5003 724
21 6003 760
21 7003 797
21 8003 833
21 9003 869
22 0003 906
22 1003 942
22 2003 978
22 3004 015
22 4004 051
22 5004 087
22 6004 124
22 7004 160
22 8004 196
22 9004 233
23 0004 269
23 1004 306
23 2004 342
23 3004 378
23 4004 415
23 5004 451
23 6004 487
23 7004 524
23 8004 560
23 9004 596
24 0004 633
24 1004 669
24 2004 708
24 3004 747
24 4004 786
24 5004 825
24 6004 864
24 7004 903
24 8004 942
24 9004 981
25 0005 020
25 1005 059
25 2005 098
25 3005 137
25 4005 176
25 5005 215
25 6005 254
25 7005 293
25 8005 332
25 9005 371
26 0005 410
26 1005 449
26 2005 488
26 3005 527
26 4005 566
26 5005 605
26 6005 644
26 7005 683
26 8005 722
26 9005 761
27 0005 800
27 1005 839
27 2005 878
27 3005 917
27 4005 956
27 5005 995
27 6006 034
27 7006 073
27 8006 112
27 9006 151
28 0006 190
28 1006 230
28 2006 268
28 3006 308
28 4006 346
28 5006 386
28 6006 425
28 7006 464
28 8006 503
28 9006 542
29 0006 581
29 1006 620
29 2006 659
29 3006 698
29 4006 737
29 5006 776
29 6006 815
29 7006 854
29 8006 893
29 9006 932
30 0006 971
30 1007 010
30 2007 049
30 3007 088
30 4007 127
30 5007 166
30 6007 205
30 7007 244
30 8007 283
30 9007 322
31 0007 361
31 1007 400
31 2007 439
31 3007 478
31 4007 517
31 5007 556
31 6007 595
31 7007 634
31 8007 673
31 9007 712
32 0007 751
32 1007 790
32 2007 829
32 3007 868
32 4007 907
32 5007 946
32 6007 985
32 7008 024
32 8008 063
32 9008 102
33 0008 141
33 1008 180
33 2008 219
33 3008 258
33 4008 297
33 5008 336
33 6008 375
33 7008 414
33 8008 453
33 9008 492
34 0008 531
34 1008 570
34 2008 609
34 3008 648
34 4008 687
34 5008 726
34 6008 765
34 7008 804
34 8008 844
34 9008 882
35 0008 922
35 1008 960
35 2009 000
35 3009 038
35 4009 078
35 5009 117
35 6009 156
35 7009 195
35 8009 234
35 9009 273
36 0009 312
36 1009 351
36 2009 390
36 3009 429
36 4009 468
36 5009 507
36 6009 546
36 7009 585
36 8009 624
36 9009 663
37 0009 702
37 1009 741
37 2009 780
37 3009 819
37 4009 858
37 5009 897
37 6009 936
37 7009 975
37 80010 014
37 90010 053
38 00010 092
38 10010 131
38 20010 170
38 30010 209
38 40010 248
38 50010 287
38 60010 326
38 70010 365
38 80010 404
38 90010 443
39 00010 482
39 10010 521
39 20010 560
39 30010 599
39 40010 638
39 50010 677
39 60010 716
39 70010 755
39 80010 794
39 90010 833
40 00010 872
40 10010 911
40 20010 950
40 30010 989
40 40011 028
40 50011 067
40 60011 106
40 70011 145
40 80011 184
40 90011 223
41 00011 262
41 10011 301
41 20011 340
41 30011 379
41 40011 418
41 50011 458
41 60011 496
41 70011 535
41 80011 574
41 90011 614
42 00011 652
42 10011 692
42 20011 730
42 30011 770
42 40011 809
42 50011 848
42 60011 887
42 70011 926
42 80011 965
42 90012 004
43 00012 043
43 10012 082
43 20012 121
43 30012 160
43 40012 199
43 50012 238
43 60012 277
43 70012 316
43 80012 355
43 90012 394
44 00012 433
44 10012 472
44 20012 511
44 30012 550
44 40012 589
44 50012 628
44 60012 667
44 70012 706
44 80012 745
44 90012 784
45 00012 823
45 10012 862
45 20012 901
45 30012 940
45 40012 979
45 50013 018
45 60013 057
45 70013 096
45 80013 135
45 90013 174
46 00013 213
46 10013 252
46 20013 291
46 30013 330
46 40013 369
46 50013 408
46 60013 447
46 70013 486
46 80013 525
46 90013 564
47 00013 603
47 10013 642
47 20013 681
47 30013 720
47 40013 759
47 50013 798
47 60013 837
47 70013 876
47 80013 915
47 90013 954
48 00013 993
48 10014 032
48 20014 071
48 30014 110
48 40014 149
48 50014 189
48 60014 228
48 70014 267
48 80014 306
48 90014 344
49 00014 384
49 10014 423
49 20014 462
49 30014 501
49 40014 540
49 50014 579
49 60014 618
49 70014 657
49 80014 696
49 90014 735
50 00014 774
50 10014 813
50 20014 852
50 30014 891
50 40014 930
50 50014 969
50 60015 008
50 70015 047
50 80015 086
50 90015 125
51 00015 164
51 10015 203
51 20015 242
51 30015 281
51 40015 320
51 50015 359
51 60015 398
51 70015 437
51 80015 476
51 90015 515
52 00015 554
52 10015 593
52 20015 632
52 30015 671
52 40015 710
52 50015 749
52 60015 788
52 70015 827
52 80015 866
52 90015 905
53 00015 944
53 10015 983
53 20016 022
53 30016 061
53 40016 100
53 50016 139
53 60016 178
53 70016 217
53 80016 256
53 90016 295
54 00016 334
54 10016 373
54 20016 412
54 30016 451
54 40016 490
54 50016 529
54 60016 568
54 70016 607
54 80016 646
54 90016 685
55 00016 724
55 10016 764
55 20016 802
55 30016 849
55 40016 899
55 50016 949
55 60016 999
55 70017 050
55 80017 100
55 90017 150
56 00017 200
56 10017 250
56 20017 300
56 30017 350
56 40017 400
56 50017 450
56 60017 500
56 70017 551
56 80017 601
56 90017 651
57 00017 701
57 10017 751
57 20017 801
57 30017 851
57 40017 901
57 50017 951
57 60018 001
57 70018 052
57 80018 102
57 90018 152
58 00018 202
58 10018 252
58 20018 302
58 30018 352
58 40018 402
58 50018 452
58 60018 502
58 70018 552
58 80018 602
58 90018 653
59 00018 703
59 10018 753
59 20018 803
59 30018 853
59 40018 903
59 50018 953
59 60019 003
59 70019 053
59 80019 104
59 90019 154
60 00019 204
60 10019 254
60 20019 304
60 30019 354
60 40019 404
60 50019 454
60 60019 504
60 70019 554
60 80019 604
60 90019 655
61 00019 705
61 10019 755
61 20019 805
61 30019 855
61 40019 905
61 50019 955
61 60020 005
61 70020 055
61 80020 106
61 90020 156
62 00020 206
62 10020 256
62 20020 306
62 30020 356
62 40020 406
62 50020 456
62 60020 506
62 70020 556
62 80020 606
62 90020 656
63 00020 707
63 10020 757
63 20020 807
63 30020 857
63 40020 907
63 50020 957
63 60021 007
63 70021 057
63 80021 107
63 90021 158
64 00021 207
64 10021 258
64 20021 308
64 30021 358
64 40021 408
64 50021 458
64 60021 508
64 70021 558
64 80021 608
64 90021 658
65 00021 709
65 10021 759
65 20021 809
65 30021 859
65 40021 909
65 50021 959
65 60022 009
65 70022 059
65 80022 109
65 90022 159
66 00022 209
66 10022 260
66 20022 310
66 30022 360
66 40022 410
66 50022 460
66 60022 510
66 70022 560
66 80022 610
66 90022 660
67 00022 710
67 10022 760
67 20022 811
67 30022 861
67 40022 911
67 50022 961
67 60023 011
67 70023 061
67 80023 111
67 90023 161
68 00023 211
68 10023 262
68 20023 312
68 30023 362
68 40023 412
68 50023 462
68 60023 512
68 70023 562
68 80023 612
68 90023 662
69 00023 712
69 10023 762
69 20023 813
69 30023 863
69 40023 913
69 50023 963
69 60024 013
69 70024 063
69 80024 113
69 90024 163
70 00024 213
70 10024 263
70 20024 314
70 30024 364
70 40024 414
70 50024 464
70 60024 514
70 70024 564
70 80024 614
70 90024 664
71 00024 714
71 10024 764
71 20024 814
71 30024 864
71 40024 915
71 50024 965
71 60025 015
71 70025 065
71 80025 115
71 90025 165
72 00025 215
72 10025 265
72 20025 315
72 30025 366
72 40025 416
72 50025 466
72 60025 516
72 70025 566
72 80025 616
72 90025 666
73 00025 716
73 10025 766
73 20025 816
73 30025 866
73 40025 917
73 50025 967
73 60026 017
73 70026 067
73 80026 117
73 90026 167
74 00026 217
74 10026 267
74 20026 317
74 30026 367
74 40026 418
74 50026 468
74 60026 518
74 70026 568
74 80026 618
74 90026 668
75 00026 718
75 10026 768
75 20026 818
75 30026 868
75 40026 918
75 50026 969
75 60027 019
75 70027 069
75 80027 119
75 90027 169
76 00027 219
76 10027 269
76 20027 319
76 30027 369
76 40027 419
76 50027 469
76 60027 520
76 70027 570
76 80027 620
76 90027 670
77 00027 720
77 10027 770
77 20027 820
77 30027 870
77 40027 923
77 50027 976
77 60028 030
77 70028 083
77 80028 137
77 90028 190
78 00028 244
78 10028 298
78 20028 351
78 30028 405
78 40028 458
78 50028 512
78 60028 565
78 70028 619
78 80028 672
78 90028 726
79 00028 780
79 10028 833
79 20028 887
79 30028 940
79 40028 994
79 50029 047
79 60029 101
79 70029 154
79 80029 208
79 90029 262
80 00029 315
80 10029 369
80 20029 422
80 30029 476
80 40029 529
80 50029 583
80 60029 636
80 70029 690
80 80029 744
80 90029 797
81 00029 851
81 10029 904
81 20029 958
81 30030 011
81 40030 065
81 50030 119
81 60030 172
81 70030 226
81 80030 279
81 90030 333
82 00030 386
82 10030 440
82 20030 494
82 30030 547
82 40030 601
82 50030 654
82 60030 708
82 70030 761
82 80030 815
82 90030 868
83 00030 922
83 10030 976
83 20031 029
83 30031 083
83 40031 136
83 50031 190
83 60031 243
83 70031 297
83 80031 350
83 90031 404
84 00031 458
84 10031 511
84 20031 565
84 30031 618
84 40031 672
84 50031 725
84 60031 779
84 70031 832
84 80031 886
84 90031 940
85 00031 993
85 10032 047
85 20032 100
85 30032 154
85 40032 207
85 50032 261
85 60032 314
85 70032 368
85 80032 422
85 90032 475
86 00032 529
86 10032 582
86 20032 636
86 30032 689
86 40032 743
86 50032 796
86 60032 850
86 70032 904
86 80032 957
86 90033 011
87 00033 064
87 10033 118
87 20033 171
87 30033 225
87 40033 279
87 50033 332
87 60033 386
87 70033 439
87 80033 493
87 90033 546
88 00033 600
88 10033 653
88 20033 707
88 30033 761
88 40033 814
88 50033 868
88 60033 921
88 70033 975
88 80034 028
88 90034 082
89 00034 135
89 10034 189
89 20034 242
89 30034 296
89 40034 350
89 50034 403
89 60034 457
89 70034 510
89 80034 564
89 90034 618
90 00034 671
90 10034 725
90 20034 778
90 30034 832
90 40034 885
90 50034 939
90 60034 992
90 70035 046
90 80035 100
90 90035 153
91 00035 207
91 10035 260
91 20035 314
91 30035 367
91 40035 421
91 50035 475
91 60035 528
91 70035 582
91 80035 635
91 90035 689
92 00035 742
92 10035 796
92 20035 849
92 30035 903
92 40035 957
92 50036 010
92 60036 064
92 70036 117
92 80036 171
92 90036 224
93 00036 278
93 10036 331
93 20036 385
93 30036 438
93 40036 492
93 50036 546
93 60036 599
93 70036 653
93 80036 706
93 90036 760
94 00036 814
94 10036 867
94 20036 921
94 30036 974
94 40037 028
94 50037 081
94 60037 135
94 70037 188
94 80037 242
94 90037 296
95 00037 349
95 10037 403
95 20037 456
95 30037 510
95 40037 563
95 50037 617
95 60037 670
95 70037 724
95 80037 778
95 90037 831
96 00037 885
96 10037 938
96 20037 992
96 30038 045
96 40038 099
96 50038 152
96 60038 206
96 70038 260
96 80038 313
96 90038 367
97 00038 420
97 10038 474
97 20038 527
97 30038 581
97 40038 634
97 50038 688
97 60038 742
97 70038 795
97 80038 849
97 90038 902
98 00038 956
98 10039 009
98 20039 063
98 30039 116
98 40039 170
98 50039 224
98 60039 277
98 70039 331
98 80039 384
98 90039 438
99 00039 491
99 10039 545
99 20039 599
99 30039 652
99 40039 706
99 50039 759
99 60039 813
99 70039 866
99 80039 920