5 6000
5 7001
5 80030
5 90059
6 00088
6 100116
6 200145
6 300174
6 400203
6 500232
6 600261
6 700290
6 800318
6 900347
7 000376
7 100405
7 200434
7 300463
7 400492
7 500520
7 600549
7 700578
7 800607
7 900636
8 000665
8 100694
8 200722
8 300751
8 400761
8 500770
8 600779
8 700788
8 800797
8 900806
9 000815
9 100824
9 200833
9 300842
9 400851
9 500860
9 600869
9 700878
9 800887
9 900896
10 000905
10 100914
10 200923
10 300932
10 400941
10 500950
10 600959
10 700968
10 800977
10 900986
11 000995
11 1001 004
11 2001 013
11 3001 022
11 4001 031
11 5001 040
11 6001 049
11 7001 058
11 8001 067
11 9001 076
12 0001 085
12 1001 094
12 2001 103
12 3001 112
12 4001 121
12 5001 130
12 6001 139
12 7001 148
12 8001 157
12 9001 166
13 0001 175
13 1001 184
13 2001 193
13 3001 202
13 4001 211
13 5001 220
13 6001 234
13 7001 258
13 8001 282
13 9001 306
14 0001 330
14 1001 354
14 2001 378
14 3001 402
14 4001 426
14 5001 451
14 6001 475
14 7001 499
14 8001 523
14 9001 547
15 0001 571
15 1001 595
15 2001 619
15 3001 644
15 4001 668
15 5001 692
15 6001 716
15 7001 740
15 8001 764
15 9001 788
16 0001 812
16 1001 837
16 2001 861
16 3001 885
16 4001 909
16 5001 933
16 6001 957
16 7001 981
16 8002 005
16 9002 029
17 0002 054
17 1002 078
17 2002 103
17 3002 130
17 4002 156
17 5002 182
17 6002 208
17 7002 234
17 8002 260
17 9002 286
18 0002 312
18 1002 338
18 2002 364
18 3002 390
18 4002 416
18 5002 442
18 6002 469
18 7002 496
18 8002 533
18 9002 569
19 0002 605
19 1002 642
19 2002 678
19 3002 714
19 4002 751
19 5002 787
19 6002 823
19 7002 860
19 8002 896
19 9002 933
20 0002 969
20 1003 005
20 2003 042
20 3003 078
20 4003 114
20 5003 151
20 6003 187
20 7003 223
20 8003 260
20 9003 296
21 0003 333
21 1003 369
21 2003 405
21 3003 442
21 4003 478
21 5003 514
21 6003 551
21 7003 587
21 8003 623
21 9003 660
22 0003 696
22 1003 732
22 2003 769
22 3003 805
22 4003 842
22 5003 878
22 6003 914
22 7003 951
22 8003 987
22 9004 023
23 0004 060
23 1004 096
23 2004 132
23 3004 169
23 4004 205
23 5004 242
23 6004 278
23 7004 314
23 8004 351
23 9004 387
24 0004 423
24 1004 460
24 2004 498
24 3004 537
24 4004 576
24 5004 615
24 6004 654
24 7004 693
24 8004 732
24 9004 771
25 0004 810
25 1004 850
25 2004 888
25 3004 928
25 4004 966
25 5005 006
25 6005 045
25 7005 084
25 8005 123
25 9005 162
26 0005 201
26 1005 240
26 2005 279
26 3005 318
26 4005 357
26 5005 396
26 6005 435
26 7005 474
26 8005 513
26 9005 552
27 0005 591
27 1005 630
27 2005 669
27 3005 708
27 4005 747
27 5005 786
27 6005 825
27 7005 864
27 8005 903
27 9005 942
28 0005 981
28 1006 020
28 2006 059
28 3006 098
28 4006 137
28 5006 176
28 6006 215
28 7006 254
28 8006 293
28 9006 332
29 0006 371
29 1006 410
29 2006 449
29 3006 488
29 4006 527
29 5006 566
29 6006 605
29 7006 644
29 8006 683
29 9006 722
30 0006 761
30 1006 800
30 2006 839
30 3006 878
30 4006 917
30 5006 956
30 6006 995
30 7007 034
30 8007 073
30 9007 112
31 0007 151
31 1007 190
31 2007 230
31 3007 268
31 4007 308
31 5007 346
31 6007 386
31 7007 424
31 8007 463
31 9007 502
32 0007 541
32 1007 580
32 2007 620
32 3007 659
32 4007 698
32 5007 737
32 6007 776
32 7007 815
32 8007 854
32 9007 893
33 0007 932
33 1007 971
33 2008 010
33 3008 049
33 4008 088
33 5008 127
33 6008 166
33 7008 205
33 8008 244
33 9008 283
34 0008 322
34 1008 361
34 2008 400
34 3008 439
34 4008 478
34 5008 517
34 6008 556
34 7008 595
34 8008 634
34 9008 673
35 0008 712
35 1008 751
35 2008 790
35 3008 829
35 4008 868
35 5008 907
35 6008 946
35 7008 985
35 8009 024
35 9009 063
36 0009 102
36 1009 141
36 2009 180
36 3009 219
36 4009 258
36 5009 297
36 6009 336
36 7009 375
36 8009 414
36 9009 453
37 0009 492
37 1009 531
37 2009 570
37 3009 609
37 4009 648
37 5009 687
37 6009 726
37 7009 765
37 8009 804
37 9009 843
38 0009 882
38 1009 921
38 2009 960
38 30010 000
38 40010 038
38 50010 078
38 60010 116
38 70010 156
38 80010 195
38 90010 234
39 00010 272
39 10010 312
39 20010 350
39 30010 390
39 40010 429
39 50010 468
39 60010 507
39 70010 546
39 80010 585
39 90010 624
40 00010 663
40 10010 702
40 20010 741
40 30010 780
40 40010 819
40 50010 858
40 60010 897
40 70010 936
40 80010 975
40 90011 014
41 00011 053
41 10011 092
41 20011 131
41 30011 170
41 40011 209
41 50011 248
41 60011 287
41 70011 326
41 80011 365
41 90011 404
42 00011 443
42 10011 482
42 20011 521
42 30011 560
42 40011 599
42 50011 638
42 60011 677
42 70011 716
42 80011 755
42 90011 794
43 00011 833
43 10011 872
43 20011 911
43 30011 950
43 40011 989
43 50012 028
43 60012 067
43 70012 106
43 80012 145
43 90012 184
44 00012 223
44 10012 262
44 20012 301
44 30012 340
44 40012 379
44 50012 418
44 60012 457
44 70012 496
44 80012 535
44 90012 574
45 00012 613
45 10012 652
45 20012 692
45 30012 730
45 40012 770
45 50012 808
45 60012 848
45 70012 886
45 80012 926
45 90012 964
46 00013 004
46 10013 043
46 20013 082
46 30013 121
46 40013 160
46 50013 199
46 60013 238
46 70013 277
46 80013 316
46 90013 355
47 00013 394
47 10013 433
47 20013 472
47 30013 511
47 40013 550
47 50013 589
47 60013 628
47 70013 667
47 80013 706
47 90013 745
48 00013 784
48 10013 823
48 20013 862
48 30013 901
48 40013 940
48 50013 979
48 60014 018
48 70014 057
48 80014 096
48 90014 135
49 00014 174
49 10014 213
49 20014 252
49 30014 291
49 40014 330
49 50014 369
49 60014 408
49 70014 447
49 80014 486
49 90014 525
50 00014 564
50 10014 603
50 20014 642
50 30014 681
50 40014 720
50 50014 759
50 60014 798
50 70014 837
50 80014 876
50 90014 915
51 00014 954
51 10014 993
51 20015 032
51 30015 071
51 40015 110
51 50015 149
51 60015 188
51 70015 227
51 80015 266
51 90015 305
52 00015 344
52 10015 384
52 20015 422
52 30015 462
52 40015 500
52 50015 540
52 60015 579
52 70015 618
52 80015 657
52 90015 696
53 00015 735
53 10015 774
53 20015 813
53 30015 852
53 40015 891
53 50015 930
53 60015 969
53 70016 008
53 80016 047
53 90016 086
54 00016 125
54 10016 164
54 20016 203
54 30016 242
54 40016 281
54 50016 320
54 60016 359
54 70016 398
54 80016 437
54 90016 476
55 00016 515
55 10016 554
55 20016 593
55 30016 640
55 40016 690
55 50016 740
55 60016 790
55 70016 840
55 80016 890
55 90016 940
56 00016 990
56 10017 040
56 20017 091
56 30017 141
56 40017 191
56 50017 241
56 60017 291
56 70017 341
56 80017 391
56 90017 441
57 00017 491
57 10017 541
57 20017 592
57 30017 642
57 40017 692
57 50017 742
57 60017 792
57 70017 842
57 80017 892
57 90017 942
58 00017 992
58 10018 042
58 20018 092
58 30018 143
58 40018 193
58 50018 243
58 60018 293
58 70018 343
58 80018 393
58 90018 443
59 00018 493
59 10018 543
59 20018 594
59 30018 644
59 40018 694
59 50018 744
59 60018 794
59 70018 844
59 80018 894
59 90018 944
60 00018 994
60 10019 044
60 20019 094
60 30019 144
60 40019 195
60 50019 245
60 60019 295
60 70019 345
60 80019 395
60 90019 445
61 00019 495
61 10019 545
61 20019 595
61 30019 645
61 40019 696
61 50019 746
61 60019 796
61 70019 846
61 80019 896
61 90019 946
62 00019 996
62 10020 046
62 20020 096
62 30020 146
62 40020 196
62 50020 247
62 60020 297
62 70020 347
62 80020 397
62 90020 447
63 00020 497
63 10020 547
63 20020 597
63 30020 647
63 40020 698
63 50020 748
63 60020 798
63 70020 848
63 80020 898
63 90020 948
64 00020 998
64 10021 048
64 20021 098
64 30021 148
64 40021 198
64 50021 249
64 60021 299
64 70021 349
64 80021 399
64 90021 449
65 00021 499
65 10021 549
65 20021 599
65 30021 649
65 40021 699
65 50021 749
65 60021 800
65 70021 850
65 80021 900
65 90021 950
66 00022 000
66 10022 050
66 20022 100
66 30022 150
66 40022 200
66 50022 250
66 60022 300
66 70022 351
66 80022 401
66 90022 451
67 00022 501
67 10022 551
67 20022 601
67 30022 651
67 40022 701
67 50022 751
67 60022 801
67 70022 852
67 80022 902
67 90022 952
68 00023 002
68 10023 052
68 20023 102
68 30023 152
68 40023 202
68 50023 252
68 60023 302
68 70023 353
68 80023 403
68 90023 453
69 00023 503
69 10023 553
69 20023 603
69 30023 653
69 40023 703
69 50023 753
69 60023 803
69 70023 854
69 80023 904
69 90023 954
70 00024 004
70 10024 054
70 20024 104
70 30024 154
70 40024 204
70 50024 254
70 60024 304
70 70024 354
70 80024 405
70 90024 455
71 00024 505
71 10024 555
71 20024 605
71 30024 655
71 40024 705
71 50024 755
71 60024 805
71 70024 856
71 80024 905
71 90024 956
72 00025 006
72 10025 056
72 20025 106
72 30025 156
72 40025 206
72 50025 256
72 60025 306
72 70025 356
72 80025 406
72 90025 457
73 00025 507
73 10025 557
73 20025 607
73 30025 657
73 40025 707
73 50025 757
73 60025 807
73 70025 857
73 80025 907
73 90025 957
74 00026 008
74 10026 058
74 20026 108
74 30026 158
74 40026 208
74 50026 258
74 60026 308
74 70026 358
74 80026 408
74 90026 458
75 00026 509
75 10026 559
75 20026 609
75 30026 659
75 40026 709
75 50026 759
75 60026 809
75 70026 859
75 80026 909
75 90026 959
76 00027 010
76 10027 060
76 20027 110
76 30027 160
76 40027 210
76 50027 260
76 60027 310
76 70027 360
76 80027 410
76 90027 460
77 00027 510
77 10027 561
77 20027 611
77 30027 661
77 40027 713
77 50027 767
77 60027 820
77 70027 874
77 80027 927
77 90027 981
78 00028 034
78 10028 088
78 20028 142
78 30028 195
78 40028 249
78 50028 302
78 60028 356
78 70028 409
78 80028 463
78 90028 517
79 00028 570
79 10028 624
79 20028 677
79 30028 731
79 40028 784
79 50028 838
79 60028 892
79 70028 945
79 80028 999
79 90029 052
80 00029 106
80 10029 159
80 20029 213
80 30029 266
80 40029 320
80 50029 374
80 60029 427
80 70029 481
80 80029 534
80 90029 588
81 00029 641
81 10029 695
81 20029 748
81 30029 802
81 40029 856
81 50029 909
81 60029 963
81 70030 016
81 80030 070
81 90030 123
82 00030 177
82 10030 230
82 20030 284
82 30030 338
82 40030 391
82 50030 445
82 60030 498
82 70030 552
82 80030 605
82 90030 659
83 00030 712
83 10030 766
83 20030 820
83 30030 873
83 40030 927
83 50030 980
83 60031 034
83 70031 087
83 80031 141
83 90031 194
84 00031 248
84 10031 302
84 20031 355
84 30031 409
84 40031 462
84 50031 516
84 60031 569
84 70031 623
84 80031 677
84 90031 730
85 00031 784
85 10031 837
85 20031 891
85 30031 944
85 40031 998
85 50032 051
85 60032 105
85 70032 159
85 80032 212
85 90032 266
86 00032 319
86 10032 373
86 20032 426
86 30032 480
86 40032 533
86 50032 587
86 60032 640
86 70032 694
86 80032 748
86 90032 801
87 00032 855
87 10032 908
87 20032 962
87 30033 016
87 40033 069
87 50033 123
87 60033 176
87 70033 230
87 80033 283
87 90033 337
88 00033 390
88 10033 444
88 20033 498
88 30033 551
88 40033 605
88 50033 658
88 60033 712
88 70033 765
88 80033 819
88 90033 872
89 00033 926
89 10033 980
89 20034 033
89 30034 087
89 40034 140
89 50034 194
89 60034 247
89 70034 301
89 80034 355
89 90034 408
90 00034 462
90 10034 515
90 20034 569
90 30034 622
90 40034 676
90 50034 729
90 60034 783
90 70034 836
90 80034 890
90 90034 944
91 00034 997
91 10035 051
91 20035 104
91 30035 158
91 40035 211
91 50035 265
91 60035 318
91 70035 372
91 80035 426
91 90035 479
92 00035 533
92 10035 586
92 20035 640
92 30035 693
92 40035 747
92 50035 801
92 60035 854
92 70035 908
92 80035 961
92 90036 015
93 00036 068
93 10036 122
93 20036 175
93 30036 229
93 40036 283
93 50036 336
93 60036 390
93 70036 443
93 80036 497
93 90036 550
94 00036 604
94 10036 658
94 20036 711
94 30036 765
94 40036 818
94 50036 872
94 60036 925
94 70036 979
94 80037 032
94 90037 086
95 00037 140
95 10037 193
95 20037 247
95 30037 300
95 40037 354
95 50037 407
95 60037 461
95 70037 514
95 80037 568
95 90037 621
96 00037 675
96 10037 729
96 20037 782
96 30037 836
96 40037 889
96 50037 943
96 60037 996
96 70038 050
96 80038 104
96 90038 157
97 00038 211
97 10038 264
97 20038 318
97 30038 371
97 40038 425
97 50038 478
97 60038 532
97 70038 586
97 80038 639
97 90038 693
98 00038 746
98 10038 800
98 20038 853
98 30038 907
98 40038 960
98 50039 014
98 60039 068
98 70039 121
98 80039 175
98 90039 228
99 00039 282
99 10039 335
99 20039 389
99 30039 443
99 40039 496
99 50039 550
99 60039 603
99 70039 657
99 80039 711